function [c, ceq] = nlcsppA0p(x)
c   = [-57.87*x(243)-57.21*x(325)-47.68*x(332)-72.68*x(356)+x(367)*x(49)+x(377)*x(97)+x(383)*x(121)+x(395)*x(169)+x(401)*x(193)-89.68*x(367)-89.68*x(377)-89.68*x(383)-89.68*x(395)-89.68*x(401)
       -34.35*x(243)+19.95*x(325)-45.04*x(332)+23.72*x(356)+x(367)*x(50)+x(377)*x(98)+x(383)*x(122)+x(395)*x(170)+x(401)*x(194)-54.59*x(367)-54.59*x(377)-54.59*x(383)-54.59*x(395)-54.59*x(401)
       -32.79*x(243)-60.49*x(325)-17.11*x(332)-73.98*x(356)+x(367)*x(51)+x(377)*x(99)+x(383)*x(123)+x(395)*x(171)+x(401)*x(195)-78.86*x(367)-78.86*x(377)-78.86*x(383)-78.86*x(395)-78.86*x(401)
       -23.28*x(243)-62.29*x(325)-57.12*x(332)-32.38*x(356)+x(367)*x(52)+x(377)*x(100)+x(383)*x(124)+x(395)*x(172)+x(401)*x(196)-74.96*x(367)-74.96*x(377)-74.96*x(383)-74.96*x(395)-74.96*x(401)
       +24.56*x(243)+9.5*x(325)-19.58*x(332)+34.1*x(356)+x(367)*x(53)+x(377)*x(101)+x(383)*x(125)+x(395)*x(173)+x(401)*x(197)-42.98*x(367)-42.98*x(377)-42.98*x(383)-42.98*x(395)-42.98*x(401)
       -34.84*x(243)-18.65*x(325)-19.88*x(332)-47.31*x(356)+x(367)*x(54)+x(377)*x(102)+x(383)*x(126)+x(395)*x(174)+x(401)*x(198)-77.22*x(367)-77.22*x(377)-77.22*x(383)-77.22*x(395)-77.22*x(401)
       -77.21*x(243)-32.79*x(325)-54.69*x(332)-45.46*x(356)+x(367)*x(55)+x(377)*x(103)+x(383)*x(127)+x(395)*x(175)+x(401)*x(199)-90.33*x(367)-90.33*x(377)-90.33*x(383)-90.33*x(395)-90.33*x(401)
       +15.49*x(243)+36.53*x(325)-28.81*x(332)+19.83*x(356)+x(367)*x(56)+x(377)*x(104)+x(383)*x(128)+x(395)*x(176)+x(401)*x(200)-31.79*x(367)-31.79*x(377)-31.79*x(383)-31.79*x(395)-31.79*x(401)
       +6.5*x(243)+34.21*x(325)+17.03*x(332)-3.76*x(356)+x(367)*x(57)+x(377)*x(105)+x(383)*x(129)+x(395)*x(177)+x(401)*x(201)-39.65*x(367)-39.65*x(377)-39.65*x(383)-39.65*x(395)-39.65*x(401)
       -20.75*x(243)-13.28*x(325)-30.91*x(332)-52.93*x(356)+x(367)*x(58)+x(377)*x(106)+x(383)*x(130)+x(395)*x(178)+x(401)*x(202)-89.7*x(367)-89.7*x(377)-89.7*x(383)-89.7*x(395)-89.7*x(401)
       -74.03*x(243)-82.88*x(325)-7.58*x(332)-83.43*x(356)+x(367)*x(59)+x(377)*x(107)+x(383)*x(131)+x(395)*x(179)+x(401)*x(203)-84.05*x(367)-84.05*x(377)-84.05*x(383)-84.05*x(395)-84.05*x(401)
       +46.58*x(243)+1.77*x(325)-9.33*x(332)-0.02*x(356)+x(367)*x(60)+x(377)*x(108)+x(383)*x(132)+x(395)*x(180)+x(401)*x(204)-26.38*x(367)-26.38*x(377)-26.38*x(383)-26.38*x(395)-26.38*x(401)
       -17.64*x(243)-18.3*x(325)-27.83*x(332)-2.83*x(356)+x(367)*x(61)+x(377)*x(109)+x(383)*x(133)+x(395)*x(181)+x(401)*x(205)+14.17*x(367)+14.17*x(377)+14.17*x(383)+14.17*x(395)+14.17*x(401)
       -10.37*x(243)-64.67*x(325)+0.32*x(332)-68.44*x(356)+x(367)*x(62)+x(377)*x(110)+x(383)*x(134)+x(395)*x(182)+x(401)*x(206)+9.87*x(367)+9.87*x(377)+9.87*x(383)+9.87*x(395)+9.87*x(401)
       -42.42*x(243)-14.72*x(325)-58.1*x(332)-1.23*x(356)+x(367)*x(63)+x(377)*x(111)+x(383)*x(135)+x(395)*x(183)+x(401)*x(207)+3.65*x(367)+3.65*x(377)+3.65*x(383)+3.65*x(395)+3.65*x(401)
       -41.98*x(243)-2.97*x(325)-8.14*x(332)-32.88*x(356)+x(367)*x(64)+x(377)*x(112)+x(383)*x(136)+x(395)*x(184)+x(401)*x(208)+9.7*x(367)+9.7*x(377)+9.7*x(383)+9.7*x(395)+9.7*x(401)
       -59.12*x(243)-44.06*x(325)-14.98*x(332)-68.66*x(356)+x(367)*x(65)+x(377)*x(113)+x(383)*x(137)+x(395)*x(185)+x(401)*x(209)+8.42*x(367)+8.42*x(377)+8.42*x(383)+8.42*x(395)+8.42*x(401)
       -37.45*x(243)-53.64*x(325)-52.41*x(332)-24.98*x(356)+x(367)*x(66)+x(377)*x(114)+x(383)*x(138)+x(395)*x(186)+x(401)*x(210)+4.93*x(367)+4.93*x(377)+4.93*x(383)+4.93*x(395)+4.93*x(401)
       +3.31*x(243)-41.11*x(325)-19.21*x(332)-28.44*x(356)+x(367)*x(67)+x(377)*x(115)+x(383)*x(139)+x(395)*x(187)+x(401)*x(211)+16.43*x(367)+16.43*x(377)+16.43*x(383)+16.43*x(395)+16.43*x(401)
       -30.09*x(243)-51.13*x(325)+14.21*x(332)-34.43*x(356)+x(367)*x(68)+x(377)*x(116)+x(383)*x(140)+x(395)*x(188)+x(401)*x(212)+17.19*x(367)+17.19*x(377)+17.19*x(383)+17.19*x(395)+17.19*x(401)
       -44.54*x(243)-72.25*x(325)-55.07*x(332)-34.28*x(356)+x(367)*x(69)+x(377)*x(117)+x(383)*x(141)+x(395)*x(189)+x(401)*x(213)+1.61*x(367)+1.61*x(377)+1.61*x(383)+1.61*x(395)+1.61*x(401)
       -51.17*x(243)-58.64*x(325)-41.01*x(332)-18.99*x(356)+x(367)*x(70)+x(377)*x(118)+x(383)*x(142)+x(395)*x(190)+x(401)*x(214)+17.78*x(367)+17.78*x(377)+17.78*x(383)+17.78*x(395)+17.78*x(401)
       -7.78*x(243)+1.07*x(325)-74.23*x(332)+1.62*x(356)+x(367)*x(71)+x(377)*x(119)+x(383)*x(143)+x(395)*x(191)+x(401)*x(215)+2.24*x(367)+2.24*x(377)+2.24*x(383)+2.24*x(395)+2.24*x(401)
       -58.05*x(243)-13.24*x(325)-2.14*x(332)-11.45*x(356)+x(367)*x(72)+x(377)*x(120)+x(383)*x(144)+x(395)*x(192)+x(401)*x(216)+14.91*x(367)+14.91*x(377)+14.91*x(383)+14.91*x(395)+14.91*x(401)
       -46.41*x(265)-54.61*x(286)-7.87*x(321)-43.69*x(333)+x(368)*x(49)+x(402)*x(193)-85.69*x(368)-85.69*x(402)
       -72.38*x(265)-61.01*x(286)-15.84*x(321)-75.84*x(333)+x(368)*x(50)+x(402)*x(194)-85.39*x(368)-85.39*x(402)
       -60*x(265)-62.42*x(286)-31.07*x(321)-36.01*x(333)+x(368)*x(51)+x(402)*x(195)-97.76*x(368)-97.76*x(402)
       -21.65*x(265)-52.72*x(286)-80.7*x(321)-69.66*x(333)+x(368)*x(52)+x(402)*x(196)-87.5*x(368)-87.5*x(402)
       +48.1*x(265)-9.38*x(286)+13.84*x(321)-4.18*x(333)+x(368)*x(53)+x(402)*x(197)-27.58*x(368)-27.58*x(402)
       -80.66*x(265)-31.9*x(286)-28.3*x(321)-27.33*x(333)+x(368)*x(54)+x(402)*x(198)-84.67*x(368)-84.67*x(402)
       -13.48*x(265)+3.35*x(286)+13.17*x(321)+13.94*x(333)+x(368)*x(55)+x(402)*x(199)-21.7*x(368)-21.7*x(402)
       -18.35*x(265)+13.45*x(286)+50.96*x(321)-23.13*x(333)+x(368)*x(56)+x(402)*x(200)-26.11*x(368)-26.11*x(402)
       -55.03*x(265)-14.93*x(286)-25.6*x(321)-8.98*x(333)+x(368)*x(57)+x(402)*x(201)-65.66*x(368)-65.66*x(402)
       -70.88*x(265)-61.3*x(286)-35.76*x(321)-34.93*x(333)+x(368)*x(58)+x(402)*x(202)-93.72*x(368)-93.72*x(402)
       -81.83*x(265)-84.51*x(286)-44.1*x(321)-15.33*x(333)+x(368)*x(59)+x(402)*x(203)-91.8*x(368)-91.8*x(402)
       -44.44*x(265)-36.2*x(286)-42.6*x(321)-34.51*x(333)+x(368)*x(60)+x(402)*x(204)-51.56*x(368)-51.56*x(402)
       -22.92*x(265)-14.72*x(286)-61.46*x(321)-25.64*x(333)+x(368)*x(61)+x(402)*x(205)+16.36*x(368)+16.36*x(402)
       +0.51*x(265)-10.86*x(286)-56.03*x(321)+3.97*x(333)+x(368)*x(62)+x(402)*x(206)+13.52*x(368)+13.52*x(402)
       -31.68*x(265)-29.26*x(286)-60.61*x(321)-55.67*x(333)+x(368)*x(63)+x(402)*x(207)+6.08*x(368)+6.08*x(402)
       -64.72*x(265)-33.65*x(286)-5.67*x(321)-16.71*x(333)+x(368)*x(64)+x(402)*x(208)+1.13*x(368)+1.13*x(402)
       -67.51*x(265)-10.03*x(286)-33.25*x(321)-15.23*x(333)+x(368)*x(65)+x(402)*x(209)+8.17*x(368)+8.17*x(402)
       +7.53*x(265)-41.23*x(286)-44.83*x(321)-45.8*x(333)+x(368)*x(66)+x(402)*x(210)+11.54*x(368)+11.54*x(402)
       -7.9*x(265)-24.73*x(286)-34.55*x(321)-35.32*x(333)+x(368)*x(67)+x(402)*x(211)+0.32*x(368)+0.32*x(402)
       -2.81*x(265)-34.61*x(286)-72.12*x(321)+1.97*x(333)+x(368)*x(68)+x(402)*x(212)+4.95*x(368)+4.95*x(402)
       +5.29*x(265)-34.81*x(286)-24.14*x(321)-40.76*x(333)+x(368)*x(69)+x(402)*x(213)+15.92*x(368)+15.92*x(402)
       -7.8*x(265)-17.38*x(286)-42.92*x(321)-43.75*x(333)+x(368)*x(70)+x(402)*x(214)+15.04*x(368)+15.04*x(402)
       -8.67*x(265)-5.99*x(286)-46.4*x(321)-75.17*x(333)+x(368)*x(71)+x(402)*x(215)+1.3*x(368)+1.3*x(402)
       +8.88*x(265)+0.64*x(286)+7.04*x(321)-1.05*x(333)+x(368)*x(72)+x(402)*x(216)+16*x(368)+16*x(402)
       -53.43*x(307)-52*x(338)+x(369)*x(49)+x(372)*x(73)+x(403)*x(193)-77.02*x(369)-77.02*x(372)-77.02*x(403)
       -31.67*x(307)-3.53*x(338)+x(369)*x(50)+x(372)*x(74)+x(403)*x(194)-75.43*x(369)-75.43*x(372)-75.43*x(403)
       -37.37*x(307)-36.17*x(338)+x(369)*x(51)+x(372)*x(75)+x(403)*x(195)-96.3*x(369)-96.3*x(372)-96.3*x(403)
       +13.26*x(307)-10.24*x(338)+x(369)*x(52)+x(372)*x(76)+x(403)*x(196)-44.72*x(369)-44.72*x(372)-44.72*x(403)
       +5.98*x(307)+14.87*x(338)+x(369)*x(53)+x(372)*x(77)+x(403)*x(197)-42.89*x(369)-42.89*x(372)-42.89*x(403)
       -16.15*x(307)+27.31*x(338)+x(369)*x(54)+x(372)*x(78)+x(403)*x(198)-29.77*x(369)-29.77*x(372)-29.77*x(403)
